5,27
131,4
131,3
131,2
131,1
131,0
12,10
130,3
130,2
130,1
130,0
129,3
129,2
129,1
129,0
90,4
72,4
85,5
98,4
102,4
0,60
12,9
128,3
128,2
128,1
128,0
67,8
0,59
126,5
125,6
3,38
2,16
0,6
0,47
0,46
0,49
0,48
0,45
0,50
0,11
126,4
126,3
126,2
126,1
125,5
125,4
125,3
125,2
125,1
124,3
124,2
124,1
123,3
123,2
123,1
122,4
122,3
122,2
122,1
121,5
121,4
121,3
121,2
121,1
120,5
120,4
120,3
120,2
120,1
119,5
119,4
119,3
119,2
119,1
118,3
118,2
118,1
117,7
117,6
117,5
117,4
117,3
117,2
117,1
116,5
116,4
116,3
116,2
116,1
115,5
115,4
115,3
115,2
115,1
114,4
114,3
114,2
114,1
113,3
113,2
113,1
112,6
112,5
112,4
112,3
112,2
112,1
111,5
111,4
111,3
111,2
111,1
109,5
109,3
109,2
109,0
108,6
108,3
108,2
108,0
103,3
102,3
85,3
85,2
85,0
77,4
77,3
77,2
77,0
68,3
67,3
12,8
12,7
12,5
12,4
12,3
12,2
12,0
11,3
5,26
5,25
5,24
5,23
5,22
5,21
5,20
5,19
5,18
5,17
5,16
5,12
5,7
5,5
5,4
5,3
5,2
5,0
4,3
3,44
3,43
3,42
3,41
3,40
3,39
3,37
3,36
3,35
3,34
3,33
3,32
3,31
3,30
3,29
3,28
3,27
3,26
3,25
3,24
3,23
3,22
3,21
3,20
3,19
3,18
3,17
3,16
3,15
3,14
3,13
3,12
3,11
3,10
3,9
3,8
3,7
3,6
3,5
11,0
11,2
11,4
12,6
13,0
13,2
13,4
14,0
14,2
14,3
15,0
15,2
15,3
16,0
16,1
16,3
17,1
17,2
17,4
18,0
18,2
18,3
19,0
19,2
19,3
21,1
21,2
23,0
23,2
23,3
24,1
24,2
24,4
24,5
25,0
25,2
25,3
26,1
26,2
27,0
27,2
27,3
27,5
28,0
28,2
28,3
29,0
29,2
29,3
29,5
29,6
29,8
30,1
30,2
30,4
30,5
32,1
32,3
33,0
33,2
33,3
33,5
34,0
34,2
34,4
35,0
35,2
35,3
36,1
36,3
36,4
37,0
37,1
37,3
37,4
38,0
38,2
38,3
38,5
38,6
39,1
39,3
39,4
40,1
40,2
40,4
40,5
41,0
41,2
41,3
41,5
42,0
42,2
42,4
42,5
42,7
42,8
42,10
42,11
42,13
42,15
42,16
42,18
42,19
43,1
43,3
43,4
43,6
44,0
44,2
44,4
44,5
45,0
45,1
45,3
45,4
46,0
46,2
46,3
47,0
47,1
47,3
47,5
48,0
48,2
48,3
48,5
48,6
49,0
49,2
49,3
50,0
50,1
50,3
50,5
50,6
50,8
50,9
50,11
50,12
51,0
51,2
51,3
51,5
51,6
52,1
52,3
52,4
52,6
52,7
53,1
53,3
53,4
54,1
54,2
54,4
54,5
56,1
56,3
57,0
57,2
57,3
59,0
59,2
59,3
60,1
60,2
60,4
60,5
61,1
61,3
61,4
64,0
64,1
64,3
65,1
65,2
66,0
66,1
66,3
67,0
67,2
67,5
67,6
68,0
68,1
69,0
69,2
69,3
70,0
70,1
70,3
70,4
71,1
71,3
72,0
72,2
72,3
73,1
73,3
74,0
74,2
74,3
75,0
75,2
75,3
76,1
76,2
77,1
78,0
78,2
78,4
81,0
81,2
81,3
81,5
82,1
82,2
83,0
83,1
83,3
85,1
86,1
86,3
87,0
87,2
87,3
88,1
88,3
88,4
89,0
89,1
89,3
89,4
89,6
89,8
90,0
90,2
90,3
91,1
91,3
92,0
92,2
92,3
93,1
93,3
94,0
94,2
94,3
95,1
95,2
95,4
96,1
96,2
97,0
97,1
97,3
97,5
98,0
98,2
98,3
99,1
99,2
99,4
99,6
100,0
100,2
100,3
100,5
100,7
102,0
102,2
103,0
103,2
104,0
104,2
107,0
107,1
107,3
108,1
109,1
110,1
110,2
110,3
110,0
108,4
107,2
104,3
104,1
103,1
102,1
100,6
100,4
100,1
99,5
99,3
99,0
98,1
97,4
97,2
96,3
96,0
95,3
95,0
94,1
93,2
93,0
92,1
91,2
91,0
90,1
89,7
89,5
89,2
88,5
88,2
88,0
87,1
86,2
86,0
83,2
82,3
82,0
81,4
81,1
78,3
78,1
76,3
76,0
75,1
74,4
74,1
73,2
73,0
72,1
71,2
71,0
70,2
69,4
69,1
68,2
67,7
67,4
67,1
66,2
65,3
65,0
64,2
61,5
61,2
61,0
60,3
60,0
59,1
57,4
57,1
56,2
56,0
54,3
54,0
53,2
53,0
52,5
52,2
52,0
51,4
51,1
50,13
50,10
50,7
50,4
50,2
49,4
49,1
48,7
48,4
48,1
47,4
47,2
46,4
46,1
45,5
45,2
44,6
44,3
44,1
43,5
43,2
43,0
42,17
42,14
42,12
42,9
42,6
42,3
42,1
41,4
41,1
40,6
40,3
40,0
39,2
39,0
38,4
38,1
37,5
37,2
36,5
36,2
36,0
35,1
34,3
34,1
33,4
33,1
32,2
32,0
30,3
30,0
29,7
29,4
29,1
28,4
28,1
27,4
27,1
26,3
26,0
25,1
24,6
24,3
24,0
23,1
21,3
21,0
19,1
18,4
18,1
17,3
17,0
16,2
15,4
15,1
14,4
14,1
13,3
13,1
12,1
11,1
10,4
10,3
10,2
10,1
10,0
9,3
9,2
9,1
9,0
8,3
8,2
8,1
8,0
7,3
5,14
5,13
5,11
5,10
5,9
5,8
5,6
3,4
3,3
3,2
3,0
2,44
2,43
2,42
2,41
2,40
2,39
2,38
2,37
2,36
2,35
2,34
2,33
2,32
2,31
2,30
2,29
2,28
2,27
2,26
2,25
2,24
2,23
2,22
2,21
2,20
2,19
2,18
2,17
2,15
2,14
2,13
2,12
2,11
2,10
2,9
2,8
2,7
2,6
2,5
2,4
2,3
2,2
2,0
1,45
1,44
1,43
1,42
1,41
1,40
1,39
1,38
1,37
1,36
1,35
1,34
1,33
1,32
1,31
1,30
1,29
1,28
1,27
1,26
1,25
1,24
1,23
1,22
1,21
1,20
1,19
1,18
1,17
1,16
1,15
1,14
1,13
1,12
1,11
1,10
1,9
1,8
1,7
1,6
1,5
1,4
1,3
1,2
1,0
0,58
0,57
0,56
0,55
0,54
0,53
0,51
0,12
0,10
0,9
0,8
0,2
0,0
0,5
0,7
0,4
0,3
126,0
125,0
124,0
123,0
122,0
121,0
120,0
119,0
118,0
117,0
116,0
115,0
114,0
113,0
112,0
111,0
